BrandAAIAID	PartNumber	Weight	Length	Width	Height
BBHK	HP004X	8.5	11.5	8	8
BBHK	HP005X	8.5	11.5	8	8
BBHK	HP007X	8.5	11.5	8	8
BBHK	HP008X	8.5	11.5	8	8
BBHK	HP020X	11.1	11.5	8	8
BBHK	HP021X	11.05	11.5	8	8
BBHK	HP022X	11.1	11.5	8	8
BBHK	HP032X	7.75	11.5	8	8
BBHK	0986437106	8.8	9	8.5	6
BBHK	0986437303	18.05	14.5	9.5	8
BBHK	0986437304	16.85	14.5	9.5	8
BBHK	0986437307	17.15	14.5	9.5	8
BBHK	0986437308	18.05	14.5	9.5	8
BBHK	0986437332	17.6	14.5	9.5	8
BBHK	0986437333	18.85	14.5	9.5	8
BBHK	0986437334	18.35	12	11	8.5
BBHK	0986437341	17.55	14.5	9.5	8
BBHK	0986437363	14.65	14.5	9.5	8
BBHK	0986437370	19.2	14.5	9.5	8
BBHK	0986437374	14.9	14.5	9.5	8
BBHK	0986437421	12.85	14.5	9.5	8
BBHK	0986437422	9.05	9	8.5	6
BBHK	0986437441	10	9	8.5	6
BBHK	0986437503	37.75	15	13.5	10
BBHK	0986437504	37.75	15	13.5	10
BBHK	0986437506	35.55	15	13.5	10
BBHK	0986437507	37.75	15	13.5	10
BBHK	0986437508	37.75	15	13.5	10
BBHK	0986437468	10.05	14.5	9.5	8
BBHK	0445010834	9.65	14.5	9.5	8
BBHK	0445020101	19	14.5	9.5	8
BBHK	0445010649	9.8	14.5	9.5	8
BBHK	0445010851	10	14.5	9.5	8
BBHK	0445020235	37.85	15	13	11
BBHK	0445020017	18	14.5	9.5	8
BBHK	0445020030	18.05	14.5	9.5	8
BBHK	0445020122	17.8	14.5	9.5	8
BBHK	0445020516	9.95	14.5	9.5	8
BBHK	0445020151	17.1	14.5	9.5	8
BBHK	0445010858	10.1	14.5	9.5	8
BBHK	0445010859	10.05	14.5	9.5	8
BBHK	0986435053	1.25	9.75	2.75	2.75
BBHK	0986435109	1.25	9.75	2.75	2.75
BBHK	0986435127	1.25	9.75	2.75	2.75
BBHK	0986435128	1.25	9.75	2.75	2.75
BBHK	0986435190	1.45	9.75	2.75	2.75
BBHK	0986435251	1.35	9.75	2.75	2.75
BBHK	0986435254	1.2	9.75	2.75	2.75
BBHK	0986435355	0.8	9.75	2.75	2.75
BBHK	0986435359	1.05	9.75	2.75	2.75
BBHK	0986435398	0.8	9.75	2.75	2.75
BBHK	0986435404	0.8	9.75	2.75	2.75
BBHK	0986435409	0.85	9.75	2.75	2.75
BBHK	0986435410	0.95	9.75	2.75	2.75
BBHK	0986435415	0.95	9.75	2.75	2.75
BBHK	0986435433	0.95	9.75	2.75	2.75
BBHK	0986435502	1.55	9.75	2.75	2.75
BBHK	0986435503	1.45	9.75	2.75	2.75
BBHK	0986435504	1.6	9.75	2.75	2.75
BBHK	0986435505	1.45	9.75	2.75	2.75
BBHK	0986435518	1.35	9.75	2.75	2.75
BBHK	0986435519	1.35	9.75	2.75	2.75
BBHK	0986435520	1.6	9.75	2.75	2.75
BBHK	0986435521	1.6	9.75	2.75	2.75
BBHK	0986435522	1.5	9.75	3	3
BBHK	0986435530	1.55	9.75	2.75	2.75
BBHK	0986435539	2.65	11	2.75	2.75
BBHK	0986435545	1.55	9.75	2.75	2.75
BBHK	0986435548	1.45	9.75	2.75	2.75
BBHK	0986435549	1.45	9.75	2.75	2.75
BBHK	0986435551	2.25	9.75	2.75	2.75
BBHK	0986435552	1.6	9.75	2.75	2.75
BBHK	0986435573	1.3	9.75	2.75	2.75
BBHK	0986435574	1.3	9.75	2.75	2.75
BBHK	0986435577	1.45	9.75	2.75	2.75
BBHK	0986435578	2.65	9.75	2.75	2.75
BBHK	0986435598	1.3	11	2.75	2.75
BBHK	0986435621	1.3	9.75	2.75	2.75
BBHK	0986435624	2.65	11	2.75	2.75
BBHK	0986435642	2.65	11	2.75	2.75
BBHK	0986435646	2.65	11	2.75	2.75
BBHK	0986435647	2.65	11	2.75	2.75
BBHK	0986435655	1.9	9.75	2.75	2.75
BBHK	0986435663	1.9	9.75	2.75	2.75
BBHK	0986435673	1.95	9.75	2.75	2.75
BBHK	F00RL00129	4.4	20	5	3
BBHK	F00R001205	4.4	20	5	3
BBHK	F00R001505	4.45	20	5	3
BBHK	F00R001512	4.5	20	5	3
BBHK	F00RL01027	4.15	20	5	3
BBHK	F00RL00591	4.9	20	5	3
BBHK	0445214270	2.95	20	5	3
BBHK	0445216043	3.35	20	5	3
BBHK	0445216050	3.3	20	5	3
BBHK	0445218015	4.05	20	5	3
BBHK	0445218017	5.7	20	5	3
BBHK	0445226014	5.05	20.25	5.25	3.5
BBHK	0445226135	6.85	20.25	5.5	4
BBHK	0445226167	6.7	20.25	5.5	4
BBHK	0986445103	5.9	10.5	3.78	4.5
BBHK	0986441027	2.85	11.25	5	3
BBHK	0986445008	5.75	10.5	4.25	4
BBHK	RB5235575	5.6	13.25	5.75	2.75
BBHK	0986445011	5.75	10.5	4.25	4
BBHK	0986445021	5.85	10.5	4.25	4
BBHK	RB5235695	5.6	13.25	5.75	2.75
BBHK	RB5234970	5.55	13.25	5.75	2.75
BBHK	0986441028	3.45	13.25	5.75	2.75
BBHK	RB5236962	4.15	12	6.5	4.5
BBHK	RB5236978	5.5	13.25	5.75	2.75
BBHK	RB5237820	5.5	13.25	5.75	2.75
BBHK	RB5237821	5.6	13.25	5.75	2.75
BBHK	0414703003	3.2	11	4.75	2.5
BDZW	762348-5011S				
BDZW	769210-5003S	23.55	10.5	11.5	14.5
BDZW	712371-5089S	19.1			
BDZW	712401-5001S	13.45	9	9	13.5
BDZW	712402-5055S				
BDZW	735574-5019S				
BDZW	757105-5036S	21	11	10	11.5
BDZW	449530-5006S	21.95	10.5	10.5	11.5
BDZW	762348-5012S				
BDZW	465960-5015S	18.6	9	10	12
BDZW	714788-5001S				
BDZW	714792-5002S	52.3	15.5	13.75	18
BDZW	758204-9007S				
BDZW	758204-5007S				
BDZW	768440-5015S	47.35	12.25	13.75	12
BDZW	751361-5001S	35.25	13.5	13.25	15.5
BDZW	830724-5007S	44.35	12.25	14	12
BDZW	700716-5018S				
BDZW	758204-9006S				
BDZW	712402-5007S	13.4	9.25	9.25	9.25
BDZW	795787-5016S				
BDZW	712371-5016S	19.6	10.25	11.75	14.5
BDZW	751400-5001S	28.1	10.5	11.25	11.75
BDZW	757105-5035S				
BDZW	727264-5001W				
BDZW	409770-5019S				
BDZW	466334-5004S	18.6	10	11.75	14.5
BDZW	804240-5001S	31.7	16.5	9	12
BDZW	409250-5002S	17.35	9.25	9.25	9.25
BDZW	466608-5002S				
BDZW	743250-5025S	41.05	13.75	13.75	15.5
BDZW	848212-5001S	51.9	13.75	13.75	15.5
BDZW	725390-5006S	39.85	13.5	13.25	13
BDZW	851824-5001S	43.55			
BDZW	848212-5002S				
BDZW	854572-5001S	39.1	10.25	11.75	14.5
BDZW	743250-5024S				
BDZW	888142-5001S	48.8	14	13.5	15
BDZW	888143-5001S	49.3	14	13.5	15
BDZW	848212-9001S				
BDZW	781504-5013S	18.1	13	13	13
BDZW	765155-5008S	18.6	17	9	12
BDZW	778445-5002S				
BDZW	821719-5004S	14.9	13	11	9.75
BDZW	857260-5001S				
BDZW	855563-5001S				
BDZW	721021-5008S	22.7	16.75	9.5	12
BDZW	855562-5001S				
BDZW	827053-5001S	22.9	28.75	10.5	10.5
BDZW	855563-5002S				
BDZW	772441-5002S	43.3	14	13.25	15
BDZW	773540-5001S				
BDZW	739619-5004S	31.55	14	13.25	15
BDZW	898199-5001W				
BDZW	881028-5002S				
BDZW	777469-5002S				
BDZW	886976-5004S	54.25	13.75	13.5	15.5
BDZW	773542-5001S				
BDZW	881027-5002S				
BDZW	886195-5001S				
BDZW	777318-5003W	19.7	16.75	9	12
BDZW	736088-5006S	17.1	16.75	9	12
BDZW	777318-5002W	19.85			
BDZW	466646-5019S	20.85	13	10.75	9.5
BDZW	751851-5004S	19.5	16.75	9	12
BDZW	465366-5018S	19.8	9	10	12
BDZW	407370-5009S	62.95	13.5	13.5	15
BDZW	466176-5001S				
BDZW	734852-5009S	40.25	13	13	13
BBMX	EX551001	4.9	11.25	5.75	3.5
BBMX	EX630781	3.5	11.25	5.75	3.5
BBMX	EX630955	5.7	11.25	5.75	3.5
BBMX	EX630956	5.65	11.25	5.75	3.5
BBMX	EX630957	5.75	11.25	5.75	3.5
BBMX	EX630958	5.75	11.25	5.75	3.5
BBMX	EX630967	4.9	11.25	5.75	3.5
BBMX	EX630968	5	11.25	5.75	3.5
BBMX	EX631003	5.15	11.25	5.75	3.5
BBMX	EX631007	5.05	11.25	5.75	3.5
BBMX	EX631015	2.95	11.25	5.75	3.5
BBMX	EX631016	2.9	11.25	5.75	3.5
BBMX	EX631017	3	11.25	5.75	3.5
BBMX	EX631018	3.05	11.25	5.75	3.5
BBMX	EX631028	3.2	11.25	5.75	3.5
BBMX	EX631029	3.15	11.25	5.75	3.5
BBMX	EX631030	3.05	11.25	5.75	3.5
BBMX	EX631074	3.15	11.25	5.75	3.5
BBMX	EX631078	3.15	11.25	5.75	3.5
BBMX	EX631079	3.2	11.25	5.75	3.5
BBMX	EX631084	3.2	11.25	5.75	3.5
BBMX	EX631085	3.2	11.25	5.75	3.5
BBMX	EX631086	3.2	11.25	5.75	3.5
BBMX	EX631087	3.05	11.25	5.75	3.5
BBMX	EX631088	1.3	11.25	5.75	3.5
BBMX	EX631089	1.3	11.25	5.75	3.5
BBMX	EX631133	3.35	11.25	5.75	3.5
BBMX	EX631134	2.6	11.25	5.75	3.5
BBMX	EX631145	1.65	11.25	5.75	3.5
BBMX	EX631155	1.6	11.25	5.75	3.5
BBMX	EX631158	1.65	11.25	5.75	3.5
BBMX	EX631273	5.75	11.25	5.75	3.5
BBMX	EX631262	3.5	11.25	5.75	3.5
BBMX	EX631753	3.95	11.25	5.75	3.5
BBMX	EX631756	3.95	11.25	5.75	3.5
BBMX	EX631760	3.75	11.25	5.75	3.5
BBMX	EX631761	3.8	11.25	5.75	3.5
BBMX	EX631763	3.75	11.25	5.75	3.5
BBMX	EX631766	3.8	11.25	5.75	3.5
BBMX	EX631767	3.8	11.25	5.75	3.5
BBMX	EX632542	3.9	11.25	5.75	3.5
BBMX	EX632977	5.5	11.25	5.75	3.5
BBMX	EX634761	3.3	11.25	5.75	3.5
BBMX	EX634434	3.15	11.25	5.75	3.5
BBMX	EX634762	3.3	11.25	5.75	3.5
BBMX	EX634763	3.3	11.25	5.75	3.5
BBMX	EX634888	3.2	11.25	5.75	3.5
BBMX	EX635575	5.6	11.25	5.75	3.5
BBMX	EX635919	5.7	11.25	5.75	3.5
BBMX	EX635695	5.55	11.25	5.75	3.5
BBMX	EX636977	5.55	11.25	5.75	3.5
BBMX	EX636978	5.55	11.25	5.75	3.5
BBMX	EX637557	3.9	11.25	5.75	3.5
BBMX	EX637560	3.8	11.25	5.75	3.5
BBMX	EX637821	5.6	11.25	5.75	3.5
BBMX	EX63800AA	3.4	11.25	5.75	3.5
BBMX	EX63701AB	3.4	11.25	5.75	3.5
BBMX	EX63803AD	3.4	11.25	5.75	3.5
BBMX	EX63804AE	3.4	11.25	5.75	3.5
BBMX	EX638665	3.2	11.25	5.75	3.5
BBMX	EX639349	3.5	11.25	5.75	3.5
BBMX	EX836101	13.1	12	8	8
BBMX	EX836100	16.3	12	8	8
BBMX	EX639350	3.5	11.25	5.75	3.5
BBMX	EX850000	3.4	18	6	5
BBMX	EX850001	3.95	18	6	5
BBMX	EX850002	2.95	18	6	5
JWTR	67	8	13	9	7
JWTR	75	19	13	9	7
JWTR	88	8	13	9	7
JWTR	98	5	13	9	7
JWTR	2128	8	13	9	7
JWTR	2162R	8.5	13	9	7
JWTR	2598PE	9	13	9	7
JWTR	4114	10.5	14	10	10
JWTR	4575	10	13	9	7
JWTR	US7123H	9	13	9	7
JWTR	16002	12	13	9	7
JWTR	16016002W	12.5	13	9	7
JWTR	1600067W	9	13	9	7
JWTR	1600072W	7	13	9	7
JWTR	1600722W	10	13	9	7
JWTR	1602128W	8.5	13	9	7
JWTR	160222W	8	13	9	7
JWTR	10R7054	15	16	12	12
JWTR	10R8897	25	14	10	10
JWTR	10R8899	26.5	14	10	10
JWTR	HP004X	9	13	9	7
JWTR	HP005X	9	13	9	7
JWTR	HP008X	9	13	9	7
JWTR	HP020X	12	13	9	7
JWTR	HP022X	12	13	9	7
JWTR	HP032X	9	13	9	7
BBHK	FORD67C	44.3	35	17	11.5
BBHK	FORD67B	44.3	35	17	11.5
BBHK	FORD67A	44.3	35	17	11.5
BBHK	FORD67D	44.3	35	17	11.5
CLVL	AP60901	1.5	9.5	4	3
BBHK	0986435410	0.85	9.75	2.75	9.75
BBHK	0986435502	1.55	9.5	9.75	9.5
CLVL	AP63803AD	3.25	9.5	4	9.75
JWTR	-IPVR15X	19.3	13	9	7
JWTR	-IPVR16X	19.3	13	9	7
JWTR	-IPVR17X	19.3	13	9	7
JWTR	-IPVR19X	19.3	13	9	7
BBHK	0986435503	1.5	9.75	2.75	9.75
BBHK	0445120177	1.3	10.75	2.75	10.5
BBHK	0986437441	10	14.5	9.5	8
BBHK	0986435621	1.35	9.75	2.75	9.75
CLVL	AP64920	51.2	22.5	19.25	18
CLVL	AP54820	76.45	22	19	18.5
CLVL	AP66955	2.15	9.75	4	9.75
BBHK	0986435646	2.65	11	2.75	11
BBHK	0986435504	1.6	9.75	2.75	9.75
BBHK	0986435539	2.65	11	2.75	11
BBHK	0432193635	0.6	6.75	2.5	6.5
CLVL	AP63903AD	3.2	9.75	4	9.75
BBHK	0445124019	1.25	8.5	8.75	2.5
JWTR	7430022DEL	22.9	18	14	10
JWTR	7430021DEL	24.65	24	18	10
BFCM	GA101N	7.7	8	8	8
BFCM	GA102	37.3	41	11	11
BFCM	GA103	20.8	36	10	7
BFCM	GA104N	9.7	9	7	10
BFCM	GA110N	18.5	15	12	10
BFCM	GA201N	31.9	14	11	7
BFCM	GA202N	8.7	9	8	10
BFCM	GA301	7	23	6	7
BFCM	GA320N	5.9	9	10	8
BFCM	GA601FXN	17.2	26.3	8.1	8.5
BFCM	GA602FXN	19.5	29	8	5
BFCM	GA604N	11.8	19	8	5
BFCM	GA605N	8.9	16	8	4
BFCM	GA610N	4.5	11	6	4
BFCM	GA612N	15.4	12	10	7
ZZZZ	0986435109	1.25	9.75	2.75	2.75
ZZZZ	0986435504	1.6	9.75	2.75	2.75
ZZZZ	0986435518	1.35	9.75	2.75	2.75
ZZZZ	0986435573	1.3	9.75	2.75	2.75
ZZZZ	0986437106	8.8	9	8.5	6
ZZZZ	0986437303	18.05	14.5	9.5	8
ZZZZ	0986437304	16.85	14.5	9.5	8
ZZZZ	0986437308	18.05	14.5	9.5	8
ZZZZ	0986437333	18.85	14.5	9.5	8
ZZZZ	0986437334	18.35	12	11	8.5
ZZZZ	0986437341	17.55	14.5	9.5	8
ZZZZ	0986437370	19.2	14.5	9.5	8
ZZZZ	0986437422	9.05	9	8.5	6
ZZZZ	0986435564	1.6	9.75	2.75	2.75
ZZZZ	0986437310	18	14.5	6.5	8
ZZZZ	0986437441	9	9.5	8.5	6.5
HNZR	7358-PP	53	14	14	14
HNZR	7357-PP	45	14	14	14
HNZR	8650-PP	45	14	14	14
HNZR	8651-PP	45	14	14	14
HNZR	8652-PP	45	14	14	14
HNZR	8654-PP	45	14	14	14
HNZR	8657-PP	45	14	14	14
HNZR	8664-PP	18	15	14	15
HNZR	8665-PP	18	15	14	15
HNZR	8673-PP	98	24	24	24
HNZR	8677-PP	45	14	14	14
HNZR	9905-PP	56	15	14	15
JWTR	EGR088RM	13	19.5	9	5
JWTR	EGR312RM	20	30.5	10.5	11
JWTR	4359548RM	54	16.5	16.5	9
JWTR	EGR540XD	18	24	11	11
JWTR	EGR692RM	13	19.5	9	5
JWTR	EGR887RM	24	30.5	10.5	11
JWTR	28317158	2	9.5	4.5	2.5
JWTR	28337917	1	9.5	4.5	2.5
JWTR	0445120177	1	9.5	4.5	2.5
JWTR	0986435415	1	9.5	4.5	2.5
JWTR	0986435433	1	9.5	4.5	2.5
JWTR	0986435505	1	9.5	4.5	2.5
JWTR	0986435518	1	9.5	4.5	2.5
JWTR	0986435520	1	9.5	4.5	2.5
JWTR	0986435574	1	9.5	4.5	2.5
JWTR	0986435521	2	9.5	4.5	2.5
JWTR	06237	15	13	9	6.5
JWTR	06445	14	13	9	6.5
JWTR	0986444517	15	13	9	6.5
JWTR	DB2431JT3982	12	12	11	9
JWTR	3348F010	13	13	9	6.5
JWTR	294050-0014	13	13	9	6.5
JWTR	294000-1202	10	13	9	6.5
JWTR	294000-0265	10	13	9	6.5
JWTR	0460424422	17	12	12	12
JWTR	0460424056	15	12	12	12
JWTR	0460424496	17	12	12	12
JWTR	104135-4100	5	8	8	8
JWTR	DB4821	13	10	10	10
JWTR	640002	1	7	4.5	2.5
JWTR	590006	1	10.5	5	2.5
JWTR	904500S	1.5	4	3.5	3.5
JWTR	FP4374	1.5	6	6	6
JWTR	660011	1	10.5	5	2.5
FLHQ	MS641	18	15.5	9	6
WIL	91-29-5106	19	14.5	7	7
WIL	91-01-4779	19	14.5	7	7
WIL	90-01-4725N	19	12.25	9.5	7
WIL	90-01-4725	19	12.25	9.5	7
WIL	90-01-4576N	17	12.25	9.5	7
WIL	91-29-5138	19	14.75	7	7
WIL	90-15-6390	16	8.25	7.5	7
BBBN	10461454	20	16	7.5	5.5
BBBN	19020310	17	11	7.5	8
BBBN	8600310	18	10.5	9	6.5
FLHQ	MS641	19	15	8.5	6
MSC	33-1001	5	7.75	4	4
FHHC	101211-8140	24	12.5	7.5	9.75
BBNF	TG228000-8420	25	16.25	8.25	8.5
BBNF	TG228080-7371	25	16.25	8.25	8.5
FHHC	210-0643	14	10.5	8.5	6.75
FLHQ	MG148	30	12	9.5	8.5
FLHQ	MG314	12.5	9.75	7.25	7
BBHK	0001230013	19	13.75	5.75	7.5
BBNF	212-0101	18.5	13	12	0.75
BBNF	212-0110	18	10	8	9
BBNF	212-0111	18	10.75	10	7.5
BBNF	282-0110	34	19.5	10.25	7.25
BBNF	282-0108	34.5	19.75	10.25	7.5
BBNF	282-0110	34.5	19.5	10.25	7.25
BBHK	0001230013	18	13.5	7.5	5.75
BBHK	SR8574X	18	14.25	6.25	8.25
BBHK	SR0469N	8.5	12.5	7	5.25
BBHK	SR0473N	9	12.5	7	5.25
BBHK	F042002149	35	18	10.5	7.5
BBHK	1986A00014	12	9	7.25	6.75
BBHK	0124625068	19	11	9	8
BBHK	1986A00751	11	9.25	7.25	7.5
BBBN	8200330	35	18.75	11.5	7.5
BBHK	1986A00015	32	12.75	10	11
BBHK	AL9963SB	19	11	9	8
BBHK	AL9962SB	19	11	9	8
BBHK	AL0791X	14	11	9	8
BBHK	AL0798N	18	11	9	8
BBHK	AL0791N	14	11	9	8
BBHK	AL8730X	14	11	9	8
BBHK	AL6487X	18	11	9	8
BBNF	282-0111	34	19.75	10.25	7.5
BBNF	212-0102	17	11	10	7.5
BBNF	282-0206	31	19.5	10.25	7.5
BBNF	282-0205	31	19.5	10.25	7.5
BBNF	282-0204	30	19.5	10.25	7.5
BBNF	282-0202	29	19.75	10.25	7.5
BBNF	282-0117	34	19.75	10.25	7.5
BBNF	282-0116	34	19.75	10.25	7.5
BBNF	282-0115	34	19.75	10.25	7.5
BBNF	282-0112	34	19.75	10.25	7.5
BBNF	282-0110	34	19.75	10.25	7.5
BBNF	282-0201	29	19.75	10.25	7.5
BBNF	282-0102	60	22	11.25	7.5
BBNF	282-0101	60	22	11.25	7.5
CBXQ	2881702RX	46	14	14.25	19.5
MSC	168824	38	13	12	14
CBXQ	3802290RX	24	12	13	12.25
BCVQ	474840	42	14.5	14.5	17
CBXQ	38022880RX	34	15.5	15.25	16.5
BCVQ	479030	61	14.5	14.5	17
CLVL	AP80050	56	12.25	13.25	14.5
CLVL	AP80054	69	13.5	13.5	15
CBXQ	3802882RX	35	15.5	15.5	16.5
CLVL	AP80057	68	13.75	14.5	13.75
CBXQ	3802946RX	35	15.5	15	16.25
CBXQ	5327360RX	48	14.5	14.5	17
CLVL	AP80058	67	13.5	14.5	14
JWTR	1480	55	20.5	14.5	11.25
CBXQ	5327360RX	48	14.5	14.25	19.75
CBXQ	5458386RX	56	14.5	14	19.75
JWTR	3844	43	13.5	13.25	16
JWTR	4720	65	14.5	14.5	18
JWTR	8211	65	14.5	14.5	18
JWTR	9748	58	14.5	14.5	18
JGHG	3592767H	34	14.5	14	19.75
JGHG	3795961HX	40	14.25	14	17
JGHG	5325950HX	49	14.25	14	19.5
JGHG	5326057HX	51	14.25	14.5	18
JGHG	5326058HX	50	14.5	14	18
JGHG	5499741HX	56	14.5	14.5	17.5
OET	D92080677R	81	16.5	16.5	16.5
OET	D92080689R	62	16.5	16.5	16.5
BFCM	F31CAD-S0182BN	7	11.25	10.25	9
BCVQ	172743	61	12.75	15.5	15.5
JWTR	172743BW	61	12.75	15.5	15.5
CLVL	F58VED-S0026BN	35	18	13.25	12.5
FLHQ	014TC25002100	51	11.75	16.5	17
FLHQ	098TC25606000	55	11.75	16.5	17
285	TC24557000	64	11.75	16.5	17
BCVQ	170-070-2981	44	18.25	14.25	19.75
DGBV	1012006	4	8	8	7.5
DGBV	1012016	4	9.5	9.5	9.5
DGBV	1013004	3	6	6	6
DGBV	1013008	4	8	8.25	8.5
DGBV	1013012	4	9.5	9.5	9.5
DGBV	1013013	4	9.5	9.5	9.5
DGBV	1014003	2.5	6.25	6.25	4.25
DGBV	1015006	2.5	6.25	6.25	4.25
DGBV	1015007	5	12.5	12.5	12.5
DGBV	1017004	4	6.25	6.25	4.25
DGBV	1017005	5	8.25	8.25	8.25
DGBV	1017006	4	8.25	8.25	8.25
DGBV	1018006	3.5	10.75	6.75	6.75
DGBV	1018009	5.5	16.25	10.25	8.5
DGBV	1099007	3	6.25	6.25	4.25
DGBV	1099020	3.5	12.25	6.5	4.25
DGBV	1099021	5	12.5	12	8.75
DGBV	1099022	3	6.25	6.25	4.25
DGBV	1099047	3	12.25	6.25	4.25
DGBV	1099051	3	6.25	6.25	4.25
DGBV	1099063	3.5	8.25	8	8.5
DGBV	1099070	3	8.25	8	8.5
DGBV	1099092	3	8.25	8	8.5
DGBV	1099064	3	8	8.25	7.25
DGBV	1099159	5	14.5	5.5	5
DGBV	1013011	5	17.5	11.75	9
DGBV	1013011	5	17.5	11.5	8.5
DGBV	1113002	0.5	6.25	6.25	4.25
DGBV	1113003	0.5	6.25	6.25	4.25
DGBV	1115001	0.5	6.25	6.25	4.25
DGBV	1115003	1	6.25	6.25	4.25
DGBV	1117003	0.5	6.25	6.25	4.25
DGBV	1199001	0.5	6.25	6.25	4.25
DGBV	1199003	0.5	6.25	6.25	4.25
DGBV	1099312	5	11.25	7.5	6
DGBV	1099321	5	11.25	7.5	6
DGBV	1099094	3.5	8.25	8.25	8.75
DGBV	1199006	0.5	6.25	6.25	4.25
DGBV	1199007	0.5	6.25	6.25	4.25
DGBV	1199009	0.5	6.25	6.25	4.25
DGBV	1199020	0.5	6.25	6.25	4.25
DGBV	1299001	2.5	5.5	7.5	8.75
DGBV	1299008	3.5	11.25	7.5	6
DGBV	1299023	3.5	8.25	8.25	8.75
DGBV	1313002	7	7.5	7.5	2.75
DGBV	1313008	7	6.75	6.25	2.75
DGBV	1380001	7.5	6.75	6.5	3
DGBV	1380002	7.5	6.5	6.5	2.75
DGBV	1380004	9	6.5	6.5	2.75
DGBV	1380005	9	6.5	6.5	2.75
DGBV	1380006	10.5	6.5	6.5	2.75
DGBV	1380007	7.5	6.5	6.5	2.75
DGBV	1399005	7	6.5	6.5	2.75
DGBV	1399008	8	7.5	6.75	3
DGBV	1401107	17	10.75	7.5	7.75
DGBV	1401108	17	10.75	7.5	7.75
DGBV	1401115	17	10.75	7.5	7.75
DGBV	1401120	17	10.75	7.5	7.75
DGBV	1401122	17	10.75	7.5	7.75
DGBV	1401126	17	10.75	7.5	7.75
DGBV	1401127	17	10.75	7.5	7.75
DGBV	1401133	17	10.75	7.5	7.75
DGBV	1401201	19	12	12	8
DGBV	1401339	17	10.75	7.5	7.75
DGBV	1401340	17	10.75	7.5	7.75
DGBV	1401346	17	10.75	7.5	7.75
DGBV	1401347	17	10.75	7.5	7.75
DGBV	1401356	17	10.75	7.5	7.75
DGBV	1401359	17	10.75	7.5	7.75
DGBV	1401362	17	10.75	7.5	7.75
DGBV	1401373	17	10.75	7.5	7.75
DGBV	1401379	17	10.75	7.5	7.75
DGBV	1401380	17	10.75	7.5	7.75
DGBV	1401390	17	10.75	7.5	7.75
DGBV	1401396	17	10.75	7.5	7.75
DGBV	1401397	17	10.75	7.5	7.75
DGBV	1401399	17	10.75	7.5	7.75
DGBV	1401404	17	10.75	7.5	7.75
DGBV	1401405	17	10.75	7.5	7.75
DGBV	1401406	17	10.75	7.5	7.75
DGBV	1401413	17	10.75	7.5	7.75
DGBV	1401414	17	10.75	7.5	7.75
DGBV	1401415	17	10.75	7.5	7.75
DGBV	1401416	17	10.75	7.5	7.75
DGBV	1401426	17	10.75	7.5	7.75
DGBV	1401427	17	10.75	7.5	7.75
DGBV	1401428	17	10.75	7.5	7.75
DGBV	1401437	17	10.75	7.5	7.75
DGBV	1401438	17	10.75	7.5	7.75
DGBV	1401445	17	10.75	7.5	7.75
DGBV	1401438	21	12	12	8
DGBV	1401520	16	11	7.5	7.75
DGBV	1401531	17	11	7.5	7.75
DGBV	1402002	15	10.5	6	7.5
DGBV	1403121	16	11.75	7	7.5
DGBV	1403119	16	11.75	7	7.5
DGBV	1403168	19	13	8.25	7.5
DGBV	1410002	18	10.75	7.5	8
DGBV	1410003	18	10.75	7.5	8
DGBV	1412010	18	10.75	7.5	8
DGBV	1410007	18	10.75	7.5	8
DGBV	1410010	18	10.75	7.5	7.75
DGBV	1410011	18	10.75	7.5	7.75
DGBV	1410013	18	10.75	7.5	7.75
DGBV	1410014	18	10.75	7.5	7.75
DGBV	1410016	17	10.75	7.5	8
DGBV	1410019	17	10.75	7.5	8
DGBV	1410021	18	10.75	7.5	8
DGBV	1410022	17	10.75	7.5	8
DGBV	1410023	17	10.75	7.5	8
DGBV	1410025	18	10.75	7.5	8
DGBV	1410027	17	10.75	7.5	8
DGBV	1410028	18	10.75	7.5	8
DGBV	1410042	17	10.75	7.5	8
DGBV	1410064	17	10.75	7.5	8
DGBV	1410070	17	10.75	7.5	8
DGBV	1410080	18	10.75	7.5	8
DGBV	1410102	18	10.75	7.5	8
DGBV	1411001	15	8.5	6	10.5
DGBV	1411002	15	8.5	6	10.5
DGBV	1411009	38	18	12	12
DGBV	1411016	27	9.5	9.5	13.5
DGBV	1411013	27	9.5	9.5	13.5
GXTN	CO-2393CA	18	10.75	7.5	8
DGBV	1412009	19	11	7.5	10
14-	SD0010NEW	18	10.5	7.5	7.5
DGBV	1412013	18	10.5	7.5	8
BBNF	471-0555	10.5	11	9.5	7.5
FHHC	471-3432	10.5	11	9.5	7.5
FHHC	471-3442	10.5	11	9.5	7.5
FHHC	471-3452	10.5	11	9.5	7.5
FHHC	999-0101	0.65	5.5	2	5.5
DGBV	1812002	0.5	4	1.5	4
DGBV	1812011	0.5	4	0.5	4
DGBV	1812013	0.4	4	0.5	4
DGBV	1812016	0.5	4	1.5	4
DGBV	1813007	0.45	4	3	4
DGBV	1812020	1.15	6	6	4.5
DGBV	1812005	0.45	3.5	1.5	3.5
DGBV	1812007	0.5	4	1.5	4
DGBV	1818006	0.3	4	2	2
DGBV	1812010	0.65	6	6	4.25
DGBV	1812008	0.4	3	3	2
DGBV	1813013	0.35	3	3	2
DGBV	1814006	0.55	4.5	3.5	2
DGBV	1814008	0.45	4.5	3.5	2
DGBV	1814004	0.4	4	2	1.5
DGBV	1813014	0.35	4	2	1.5
DGBV	1813008	0.05	3	3	2
DGBV	1817004	0.55	6	6	4.25
DGBV	1817008	0.65	6	6	4.25
DGBV	1817007	0.6	6	6	4.25
DGBV	1817010	0.65	10	6.25	4.5
DGBV	1815001	0.3	4	2	1.5
DGBV	1818006	0.3	4	2	1.5
DGBV	1818007	0.35	3.5	1.5	3.5
DGBV	1899022	0.55	8.5	4.5	1.5
DGBV	1818008	0.3	3	3	2
DGBV	1899038	1	4	3	3
DGBV	1899022	0.85	10	6.5	4.5
DGBV	1899003	0.05	7	4	7
DGBV	1899002	0.05	7	4	7
DGBV	1899044	0.45	4.5	3.5	2
DGBV	1899045	0.35	4.5	3.5	2
DGBV	1899046	0.5	4	2	1.5
DGBV	1910002	1.55	10	6	5.5
DGBV	1899058	0.55	4	2	1.5
DGBV	1899064	0.55	4	2	1.5
DGBV	1911009	1.75	9	3	3
DGBV	1912015	5	6.5	5.5	7.5
DGBV	1912024	3	11.5	3.75	4
DGBV	1912025	2	11.5	4	4
DGBV	1912026	2	11.5	4	4
DGBV	1912027	5	7	6	5.5
DGBV	1912028	5	7.5	8	4.5
DGBV	1912030	5	7	6	7.5
DGBV	1913012	2	10	9.5	3.5
DGBV	1913014	3	10.5	3.5	3.5
DGBV	1913016	2	8.5	8.5	3.5
DGBV	1913017	3	6.5	7.5	7.5
DGBV	1914006	3	12	6.5	4.5
DGBV	1914011	3	11	7.5	6
DGBV	1914013	2	12	6.5	4.5
DGBV	1914014	3	11.5	4	4
DGBV	1914015	3	11.5	4	4
DGBV	1914016	3	11.5	4	4
DGBV	1915004	3	10	4	4
DGBV	1915008	3	12	6.5	4.5
DGBV	1915005	3	12	6.5	4.5
DGBV	1812016	5	10	6	4.5
DGBV	1915010	4	10.5	3.5	3.5
DGBV	1918001	3	12	6	4.5
DGBV	1918004	4	10.5	3.5	4.5
DGBV	1917004	2	10	5.5	4
DGBV	1917009	4	11.5	4	4
DGBV	1917010	4	11.5	4	4
DGBV	1918008	3	10	4	4
DGBV	1999225	3	9.5	5	4
DGBV	1999223	3	11	3.5	3.5
DGBV	1999016	2	7	4	3.5
DGBV	1999228	3	11.5	4	4
DGBV	1999234	3	11.5	4	4
DGBV	2012006	0.05	6	6	4
DGBV	2012007	0.05	6	6	4
DGBV	2017002	0.05	6	6	4
DGBV	2017001	0.05	3	3	2
DGBV	2015003	0.05	4	3	3
DGBV	2013003	0.05	3	3	2
DGBV	2099002	0.05	3	3	2
DGBV	2099003	0.05	3	3	2
DGBV	2099004	0.05	3	3	2
DGBV	2099016	0.05	3	3	2
DGBV	2099013	0.05	3	3	2
DGBV	2017003	0.05	6	6	4.5
DGBV	2099019	0.05	6	6	4.5
DGBV	2099023	0.05	6	6	4.5
DGBV	2099028	0.05	6	6	4.5
DGBV	2112008	0.05	6	6	4.5
DGBV	2113011	0.05	6	6	4.5
DGBV	2113016	0.05	4	3	3
DGBV	2114001	0.05	4	3	3
DGBV	2114002	0.05	4	3	3
DGBV	2199005	0.05	4	3	3
DGBV	2199008	0.05	4	3	3
DGBV	2199027	0.05	4	3	3
DGBV	2199067	0.05	4	3	3
DGBV	2212002	0.05	4	3	3
DGBV	2212004	0.05	4	3	3
DGBV	2212005	0.05	6	6	4
DGBV	2213007	0.05	6	6	4
DGBV	2213013	0.05	6	6	4
DGBV	2213014	0.05	6	6	4
DGBV	2214002	0.05	6	6	4
DGBV	2214003	0.05	6	6	4
DGBV	2214006	0.05	6	6	4
DGBV	2217002	0.05	6	6	4
DGBV	2217003	0.05	6	6	4
DGBV	2299101	0.05	6	6	4
DGBV	2299005	0.05	3	3	2.5
DGBV	2312001	0.05	3	3	2.5
DGBV	2312002	0.05	3	3	2.5
DGBV	2312003	0.05	3	3	2.5
DGBV	2318002	0.05	3	3	2.5
DGBV	2399001	0.05	3	3	2.5
DGBV	2399003	0.05	3	3	2.5
DGBV	2399004	0.05	3	3	2
DGBV	2399005	0.05	3	3	2.5
DGBV	2399009	0.05	3	3	2.5
DGBV	2399023	0.05	3	3	2.5
DGBV	2412005	0.05	10	6.5	4.5
DGBV	2414010	0.05	8	4	4
DGBV	2414011	0.05	6	3	3
DGBV	2499078	0.05	6.5	5.5	4.5
DGBV	2499110	0.05	8	4	4
DGBV	2499111	0.05	6	3	3
DGBV	2499120	0.05	6	3	3
DGBV	2660004	0.05	7	3.5	6
DGBV	2660006	0.05	7	3.5	6
DGBV	2660018	0.05	7	3.5	6
DGBV	2660019	0.05	7	3.5	6
DGBV	2660020	0.05	7	3.5	6
DGBV	2660037	0.05	7	3.5	6
DGBV	2660039	0.05	7	3.5	6
DGBV	2660060	0.05	7	3.5	6
DGBV	2660061	0.05	7	3.5	6
DGBV	2660064	0.05	7	3.5	6
DGBV	2660065	0.05	7	3.5	6
DGBV	2660040	0.05	7	3.5	6
DGBV	2660043	0.05	7	3.5	6
DGBV	2660045	0.05	7	3.5	6
DGBV	2660047	0.05	7	3.5	6
DGBV	2660066	0.05	7	3.5	6
DGBV	2660070	0.05	7	3.5	6
DGBV	2660071	0.05	7	3.5	6
DGBV	2660074	0.05	7	3.5	6
DGBV	2660075	0.05	7	3.5	6
DGBV	2712004	0.05	7	3.5	6
DGBV	2712005	0.05	7	3.5	6
DGBV	2712006	0.05	7	3.5	6
DGBV	2712007	0.05	7	3.5	6
DGBV	2799200	1	11	7	2
DGBV	2799202	0.05	7	3.5	6
DGBV	2799211	0.05	7	3.5	6
DGBV	2799212	0.05	7	3.5	6
DGBV	2799237	1	11	7	2
DGBV	2799238	1	11	7	2
DGBV	3099007	5	8	5.5	5
DGBV	3112001	0.05	8.5	8	8.5
DGBV	3112005	0.05	9	8.5	1.75
DGBV	3112006	0.05	16	10.5	8.5
DGBV	3112007	0.05	13	11	5.5
DGBV	3112009	0.05	8	8	8.5
DGBV	3112010	0.05	13	11	5.5
DGBV	3112012	0.05	13	11	5.5
DGBV	3113004	0.05	14	10.5	1
DGBV	1441002	16	10.5	8	8.5
DGBV	3114001	16	10	8	8.5
DGBV	3117001	0.05	17.5	11.5	8.5
DGBV	3117002	0.05	16	10	8
DGBV	3118003	0.05	13	9.5	1.5
DGBV	3114003	0.05	13	5	1
DGBV	3199021	0.05	16	10	8
DGBV	3199030	0.05	10.5	10.5	0.75
DGBV	3199034	0.05	8	19.25	0.38
DGBV	4399131	0.05	8	4	4
DGBV	1441002	16	10.5	8	8.5
DGBV	1299032	4	8	8	8.5
GXTN	ARD-1035	3	10.5	3.5	3.5
GXTN	CO-2030CA	18	10.5	7.5	7.5
GXTN	CO-2077CA	18	10.5	7.5	7.5
GXTN	CO-2172CA	20	10.5	7.5	7.5
GXTN	CO-3109CA	25	8.5	6	10
GXTN	CO-2184CA	18	10.5	7.5	7.5
GXTN	CO-3114CA	25	8.5	6	10
GXTN	CO-2462CA	18	10.5	7.5	7.5
GXTN	CO-2319CA	20	10.5	7.5	7.5
GXTN	CO-2461CA	20	11.5	7.5	7.5
GXTN	CO-1062CA	18	10.5	7.5	7.5
GXTN	CO-2312CA	18	10.5	7.5	7.5
GXTN	CO-2337CA	18	10.5	7.5	7.5
GXTN	CO-6212CA	18	10.5	7.5	7.5
GXTN	CO-3109CA	25	8.5	6	10
GXTN	CO-3102CA	25	8.5	6	10
CGGR	F-1023	3	7.5	7.5	6.5
GXTN	CO-6155CA	18	10.5	7.5	7.5
GXTN	CO-6297CA	35	14	9	11
GXTN	CO-6291CA	20	10.5	7.5	7.5
GXTN	CO-1062CA	18	10.5	7.5	7.5
DGBV	1441001	18	10.5	8	9
GXTN	EXV-1092	0.05	4	2	1.5
GXTN	EXV-1014	0.05	4	2	1.5
GXTN	EXV-1102	0.05	4	2	1.5
BBBN	10021526	12	10	10	7.5
MSC	87422777R	12	8	7.5	7
DWBX	993293	2	5	4.5	3
DWBX	994348	5	11	10	3.5
DWBX	9908504	15	10.5	10.5	7
DWBX	Q995568	15	13	12	5
DWBX	Q995575	18	13	12	5
DWBX	Q995582	20	14	14	8.5
DWBX	Q995617	20	14	14	8.5
DWBX	Q995669	15	12.5	12	4.5
GGGV	100-7531	1	14.5	6	0.05
GGGV	100-7532	1	14.5	6	0.05
GGGV	100-7533	2	14.5	6	0.05
GGGV	100-7534	2	14.5	6	0.05
GGGV	150-2505	2	9.5	5.75	0.05
GGGV	200-8793	2	7	4.75	0.05
GGGV	230-4201	13	11	7	2
GGGV	230-6301	2	9.5	6	0.05
GGGV	230-4202	13	11	7	2
GGGV	247-4202	10	11	7	2
GGGV	247-4203	10	11	7	2
GGGV	247-4205	10	11	7	2
GGGV	250-4202	12	11	7	2
GGGV	250-4204	15	11	7	2
GGGV	247-6303	1	14.5	6	0.05
GGGV	147-2503	1	9.5	5.5	0.05
GGGV	238-4201	35	11	7	4.5
GGGV	250-4206	1	9.5	6	0.05
GGGV	250-4301	15	11	7	2
GGGV	250-6303	5	14	5.75	0.05
GGGV	250-4205	15	11	7	2
GGGV	147-2502	1	9.5	6	0.05
GGGV	150-2504	1	9.5	6	0.05
BBSC	90K-39159B	5	10	9	5.5
BBSC	90K-39159	5	10	9	5.5
BBSC	90K-38702HD	8	10	9	5.5
BBSC	38667K3	15	11	9	8.5
BBSC	38667K1	16	12	12	6.5
BBSC	91002	8	17	13	5.5
BBSC	91002-4	0.05	6.5	2	2.5
BBSC	91143	0.05	12	5	0.05
BBSC	CO34833	0.05	7	5.5	5
BBSC	CO34908	0.05	4.5	4	3.5
BBSC	45006	10	16.5	13	8
BBSC	FB1012	10	13.5	10.5	7
BBSC	90K-38501HDA	4	10	9	5.5
BBSC	90K-38501HDD	4	10	9	5.5
BBSC	90K-38503HD	4	10	9	5.5
BBSC	90K-38556HDB	5	10	9	5.5
BBSC	90K-38569HD	7	10	9	5.5
BBSC	90K-38587HD	5	10	9	5.5
BBSC	90K-38587HDA	5	10	9	5.5
BBSC	90K-38587HDD	5	10	9	5.5
BBSC	90K-38610HDA	5	10	9	5.5
BBSC	90K-38633HDB	5	10	9	5.5
BBSC	90K-38610HDC	5	10	9	5.5
BBSC	90K-38610HD	5	10	9	5.5
BBSC	90K-38671HD	5	10	9	5.5
BBSC	90K-38671HDA	5	10	9	5.5
BBSC	90K-38671HDB	5	10	9	5.5
BBSC	90K-39051	5	10	9	5.5
BBSC	90K-39052	3	10	9	5.5
BBSC	90K-39153	5	10	9	5.5
BBSC	90K-39153A	5	10	9	5.5
BBSC	46001HD	30	16	13.5	6
BBSC	46002HD	28	14	8	9
BBSC	46003HD	35	17	9	9.5
BBSC	90K-38667HDA	13	12	12	6.5
BBSC	90K38667HDD	13	12	12	6.5
BBSC	90K-38667HDB	13	12	12	6.5
BBSC	90K-38667HDE	13	12	12	6.5
BBSC	90K-38158	3	10	9	5.5
BBSC	90K-38158A	3	10	9	5.5
BBSC	45054HD	38	14	10.5	12
BBSC	90K-38158C	3	10	9	5.5
BBSC	90K-38159	2	10	9	5.5
BBSC	90K-38285	7	10	9	5.5
BBSC	90K-38501HD	4	10	9	5.5
BBSC	43526	5	6.5	6.5	6.5
BBSC	43545HD	25	21	10.5	6.5
BBSC	44042	15	19	11	7
BBSC	44052HD	23	14	9	6.5
BBSC	44056	20	19	11	7
BBSC	45052HD	40	13.5	11.5	10.5
BBSC	44062HD	50	13.5	11.5	10.5
BBSC	42133	5	6.5	6.5	6.5
BBSC	42283	3	6	5.5	4.5
BBSC	42291	5	6.5	6.5	6.5
BBSC	43445HD	7	13.5	9	7
BBSC	42349	3	6	5.5	4.5
BBSC	42355HD	7	8	8.5	7
BBSC	42349BH	8	12	8	8
BBSC	43327BH	10	12	8	8
BBSC	43010	5	19	11	7
BBSC	43273	8	10	8	8
BBSC	43240HD	13	11.5	9	8
BBSC	43324	5	16.5	6	5
BBSC	43325HD	7	8.5	8	7
BBSC	38517	5	8.5	4.5	3
BBSC	38532	5	8.5	4.5	3
BBSC	38535	5	8.5	4.5	3
BBSC	38556	5	8.5	4.5	3
BBSC	38610	5	8.5	4.5	3
BBSC	38633	5	8.5	4.5	3
BBSC	38629	5	8.5	4.5	3
BBSC	38667	12	10	10	8
BBSC	38671	5	9.5	6.5	4.5
BBSC	38702	4	8.5	5	3.5
BBSC	39051	3	8.5	5	3.5
BBSC	38620	4	8.5	5	3.5
BBSC	39052	3	8.5	5	3.5
BBSC	39153	3	8.5	5	3.5
BBSC	39159	2	8.5	5	3.5
BBSC	39242	3	8.5	5	3.5
BBSC	41162	2	6	5	4.5
BBSC	41176HD	6	7	7.5	6.5
BBSC	41176HD	2	5.5	6	4.5
BBSC	41185	5	7	6.5	6.5
BBSC	41507E	1	6	5	4.5
BBSC	42241HD	7	8.5	8	7
BBSC	36225	0.05	3.5	3.5	2
BBSC	36230	1	3.5	3.5	2
BBSC	36239	0.05	3.5	3.5	2
BBSC	36310	1	3.5	3.5	2
BBSC	36324	1	4.5	4.5	3.5
BBSC	36351	2	3.5	3.5	2
BBSC	36354	1	4	4	2
BBSC	36492	1	4.5	4.5	3
BBSC	36742	1	3.5	3.5	2
BBSC	36770	1	4.5	4.5	3.5
BBSC	36776	1	6.5	4	3
BBSC	33747S	0.05	2.5	2.5	2.5
BBSC	38103	1	8.5	4.5	3.25
BBSC	38158	1	6	6	4.5
BBSC	38159	1	8.5	4.5	3.25
BBSC	38172	2	8.5	4.5	3.25
BBSC	38191	5	9.5	6.5	4.5
BBSC	38274	2	8.5	4.5	3.5
BBSC	38257	5	9.5	6.5	4.5
BBSC	38285	5	8.5	4.5	3.5
BBSC	38321	2	8.5	4.5	3.5
BBSC	38501	5	8.5	4.5	3.5
BBSC	38503	5	8.5	4.5	3.5
BBSC	38516	3	8.5	4.5	3.5
BBSC	38556	3	8.5	4.5	3.5
BBSC	34854	0.05	3.5	3	3.5
BBSC	33058	0.05	3	2.5	2.5
BBSC	33299	0.05	3	2.5	2.5
BBSC	33579	0.05	3.5	3	3.5
BBSC	33909	0.05	3	2.5	2.5
BBSC	33946	0.05	3	2.5	2.5
BBSC	33947	0.05	3	2.5	2.5
BBSC	33956	0.05	3	2.5	2.5
BBSC	33959	1	3.5	3	3.5
BBSC	33957	1	4	4	5
BBSC	33958	1	4	4	5
BBSC	33962	1	3.5	3	3.5
BBSC	33966	0.05	3	2.5	2.5
BBSC	33747S	0.05	3	2.5	2.5
BBSC	34149	0.05	6.5	5	4
BBSC	34212	0.05	3	2.5	2.5
BBSC	34148	0.05	3.5	3.5	5.5
BBSC	34240	0.05	3.5	3	3.5
BBSC	33578	0.05	3.5	3	3.5
BBSC	34308	0.05	3.5	3	3.5
BBSC	36091	1	3.5	3.5	2
BBSC	36094	0.05	3.5	3.5	2
BBSC	36177	1	3.5	3.5	2
BBSC	36200	0.05	3	3	3
BBSC	31286	0.05	3	2.5	2.5
JWTR	N43205	0.65	6.5	3.5	3
JWTR	N47404	0.65	6.5	3.5	3
JWTR	N47413	0.65	6.5	3.5	3
JWTR	N47414	0.65	6.5	3.5	3
JWTR	N47418	0.65	6.5	3.5	3
JWTR	N47420	0.65	6.5	3.5	3
JWTR	N47421	0.65	6.5	3.5	3
JWTR	N69204	0.65	6.5	3.5	3
JWTR	N83201	0.65	6.5	3.5	3
JWTR	N83202	0.65	6.5	3.5	3
JWTR	N65201	0.65	6.5	3.5	3
JWTR	N65202	0.65	6.5	3.5	3
JWTR	N65203	0.65	6.5	3.5	3
JWTR	N65261	0.65	6.5	3.5	3
JWTR	N43201	0.65	6.5	3.5	3
JWTR	N43202	0.65	6.5	3.5	3
JWTR	N43204	0.65	6.5	3.5	3
JWTR	N47202	0.65	6.5	3.5	3
JWTR	N47205	0.65	6.5	3.5	3
JWTR	N47407	0.65	6.5	3.5	3
JWTR	N47210	0.65	6.5	3.5	3
JWTR	N61202	0.65	6.5	3.5	3
JWTR	N61203	0.65	6.5	3.5	3
JWTR	N61204	0.65	6.5	3.5	3
JWTR	N65208	0.65	6.5	3.5	3
JWTR	N65207	0.65	6.5	3.5	3
JWTR	N47412	0.65	6.5	3.5	3
DKHD	1004-1021	0.08	8.5	6	2
DKHD	1004-1022	0.08	8.5	6	2
DKHD	1004-1025	0.08	8.5	6	2
DKHD	1001-1004	0.15	3	2	1.5
DKHD	1002-1005	0.15	3	2	1.5
DKHD	1003-1057	0.15	5.5	2	2
DKHD	1003-1059	0.15	5.5	2	2
DKHD	1003-1060	0.15	5.5	2	2
DKHD	270-1048	0.1	5	2.75	2.75
DWRT	65175	0.1	5.5	2	0.05
DWRT	65214	0.05	4.5	2	0.05
DWRT	68168	0.05	5.5	2	0.05
DWRT	090-936CD	0.1	4	1	0.05
DWRT	46831	0.7	18	12	0.05
DWRT	300-149	2	7.5	7.5	2
DWRT	96109	0.65	10.25	5.25	3.25
DWRT	599-5103	0.6	11.5	6	2
DWRT	599-5002	5	11	7	7.5
DWRT	603-5107	4.4	13.5	11.5	10
DWRT	615-202	0.9	24	8	1.25
DWRT	603-5211	8.5	24.5	13.5	9
DWRT	904-138	0.6	10.5	3.75	2.75
DWRT	603-5402	1.5	11.5	7	10.5
DWRT	603-5502	1.5	11.5	7	10.5
DWRT	679-005	10	20	8.5	5
DWRT	603-5510	4.5	20.5	13	9
DWRT	904-6009	1.5	7	5	2
DWRT	615-203	0.6	10.5	8	2
DWRT	904-249	0.55	9	5	5
DWRT	603-5101	4.65	20	15.5	7
DWRT	674-7029	0.95	9	8.5	2
DWRT	904-5056	6.5	12	8	9.5
DWRT	603-5206	2.5	11	11.5	7
DWRT	904-5031	12	19	9.5	6
DWRT	620-5601	5.85	16	14	4
DWRT	901-5202	0.1	3	3	2.5
DWRT	761-5202	0.2	6	5	3
DWRT	625-212	0.7	12.5	5.5	6
DWRT	901-5203	0.1	3	3	2
DWRT	904-5013	0.2	4.5	3	2.25
DWRT	888-5207	1.4	7.5	7	6.25
DWRT	888-5208	1.4	7.5	7	6.25
DWRT	902-2068	0.8	6	4	3
DWRT	615-201	1.2	23.5	8	2
DWRT	904-109	0.15	14.5	2	2.25
DWRT	902-5403	0.1	2.5	2.5	1.5
DWRT	902-5201	0.1	2.5	2.5	1.5
DWRT	904-136	0.2	3.5	3	1.25
DWRT	904-120	0.25	3	3	3
DWRT	904-229	1.15	7.5	6.5	2.5
DWRT	904-231	0.2	2.5	2.5	3.5
DWRT	904-7509	1.4	4.5	2.5	4
DWRT	904-293	1.2	4	4	4
DWRT	904-232	0.05	2.5	2.5	1
DWRT	904-346	1.2	6.5	4.25	3
DWRT	904-407	1.4	5.5	5.5	5.5
DWRT	904-137	1.5	14.25	6	4
DWRT	888-5518	1.5	10.5	9	6
DWRT	904-413	1.1	7.5	3.5	4.5
DWRT	904-415	0.05	4	3	1
DWRT	904-463	0.15	4.75	2	2
DWRT	904-479	0.65	9.5	4.75	2
DWRT	904-500	0.35	4.25	3.5	3.5
DWRT	603-217	3.9	16	12	8
DWRT	904-5004	7.5	10.5	9	8.5
DWRT	904-5052	0.15	3	3	2.5
DWRT	904-7029	0.25	4	3	2.5
DWRT	904-5555	0.1	3	2.5	1
DWRT	924-5401	0.35	4	2	1
DWRT	904-201	0.15	4.75	4.75	2.5
DWRT	902-1004	0.25	4	3.75	4
DWRT	904-7902	1.8	16	6.5	2
DWRT	904-7903	1.6	13.5	7	3
DWRT	904-7904	1.75	11.5	9	3
DWRT	904-7909	0.25	4.5	3	2
DWRT	924-5205	0.2	4	3	2.5
DWRT	978-5101	0.8	5.5	4.25	3.25
DWRT	978-5501	0.85	10	3.5	3
DWRT	938-5403	1.75	14	2	1
DWRT	888-5509	1.6	12.5	6.5	8
DWRT	904-256	0.65	2.5	2.5	2.5
DWRT	888-5510	1.6	12.5	6.5	8
DWRT	645-607	0.05	5	3	3
DWRT	904-5020	15	19	10	6
FLHQ	015TP21004000	6.2	12	10	8
FLHQ	2243451WR020	3	4	4	4
FLHQ	S42262	0.05	6	6	1
FLHQ	41909.020	1.25	10	5	2
FLHQ	CB1413P	0.15	3.5	2.5	1.25
FLHQ	JV5060	0.45	8	7.5	2
FLHQ	JV1700	0.45	8	7.5	2
FLHQ	67857	0.3	6.5	6	2
FLHQ	GS33703	1.25	6	6.5	2.25
FLHQ	GS33504	5	6	6.5	2.25
FLHQ	6012092	4.25	8	7	3
DWRT	801-700	6.25	16.5	12.5	4.5
BDZH	90004	1	9	9	2
BDZH	RE70143	4.5	14	9	2
BDZH	FP-3901173	0.3	3.5	3.5	1.5
FLHQ	THD788D	0.6	4.5	4.5	4.5
FLHQ	TX21187	0.15	3.5	3.5	2.75
FLHQ	CB1869P	0.05	3.25	2.25	1.25
FLHQ	286TS20118000	0.15	8	4.25	0.05
FLHQ	SS47537	1.5	7.5	6.5	0.05
FLHQ	GS33693	6.5	8	7.5	2.25
FLHQ	GS33954	0.45	5	4.5	1
FLHQ	GS33691	0.3	6.5	6	2.5
FLHQ	MS1718P	2.6	4.75	4.75	2.75
FLHQ	SH1986	0.2	3.5	2	2.5
FLHQ	SH994S	0.6	5.25	2.5	2.5
FLHQ	2243523WR040	28.5	13	11.5	9
FLHQ	2243709WR020	9.5	13	9	4.5
FLHQ	2243709	11	8.5	8.5	4.5
FLHQ	2243673	3.2	5	5	6
FLHQ	2253331CX	5.1	6	5.5	7
FLHQ	TW696S	1.2	7	4.5	1
FLHQ	TW717S	1.6	6.5	3	1
FLHQ	S42170	0.15	5	5	1
FLHQ	2243672020	4.5	5	5	5
BBBN	1090-09650-01	12	10	10	7
BBBN	10020791	9.5	10	10	7
BBBN	10021314	9	10	10	7
FLHQ	286TC14015000	24	10	10.5	11
BBBN	10020755	8	10	10	7
BBBN	1090-09750-01	14	10	10	7
FLHQ	GS33678	0.65	8	7	2
FLHQ	48383	0.4	6	6	2.5
BBBN	1033-40600-01	0.3	8	7.5	1.5
FLHQ	GS33692	2.3	8	7	2
BBBN	1033-40600-02	1.8	8	7.5	1.5
FLHQ	KX46910KIT	2.1	10.5	7.5	5
CBXQ	5473296RX	5.5	12.5	7	5
CBXQ	5496045HX	3.2	7.5	7.5	5
BBBN	10021530	10	10	10	7
CBXQ	3046207	3.5	8	8	5
CBXQ	3411767	3	10	5	2
BBBN	1033-07781-01	1.2	14	5	1.5
CBXQ	5523951	17.5	11	10.5	7.5
JGHG	4033253H	10	10	7	10
CBXQ	3942581RX	4.5	10.5	7	4
BBBN	1033-07782-01	2	14	5	1.5
CBXQ	4903472PX	3.5	10	5	2
CBXQ	5579405PX	2.5	10	4	2.5
CBXQ	4326869RX	0.6	9	4	3
CBXQ	3929039	14	21	8.5	7
CBXQ	5263262NX	2	10	4	2.5
CBXQ	5263308PX	2.5	10	4	2.5
CBXQ	5263318PX	2.5	10	4	2.5
CBXQ	3990517RX	2.7	11.5	7.5	2.5
CBXQ	3054250PX	2.4	6.5	3.5	2
CBXQ	A064S965	1.7	7	5	4
CBXQ	2871862	2.4	14.5	13.5	2
JGHG	4032772HX	3.7	9.5	6	6.5
CBXQ	4999610	3.9	11.5	6.5	4
CBXQ	3283054	2.4	12.5	7.5	6.5
CBXQ	4307475	0.8	10	6.5	2.5
CBXQ	3800984	1.7	7	7	5
CBXQ	5473331	0.04	3.5	2.5	3.5
CBXQ	3921644	0.45	4.5	4.5	4.5
CBXQ	3927063	7.4	7.25	5	4
CBXQ	3937555	3.8	8	4	4
CBXQ	3975126	4.8	11	10.5	7.5
CBXQ	5283479	3.3	13.5	14	10.5
JGHG	4034114H	5.5	9.5	6	6.5
CBXQ	3991168	3.5	13	4	4
CBXQ	4089544	1.9	11.5	11	2.5
CBXQ	4955481	4.8	6.5	6.5	8
CBXQ	3904630	0.25	3	2.5	2
CBXQ	3017993	1.35	5	2.5	2.5
CBXQ	5305254NX	0.85	7.5	5	4
CBXQ	5255204	1.5	10	10	6
CBXQ	5347703	0.9	7.5	7.5	1.5
CBXQ	4896409	0.12	13.5	8.5	0.05
CBXQ	5621364	2	8.5	4	4
JGHG	6382091HX	4	7.5	7.5	5
CBXQ	4384373RX	11	10	7.5	7.5
CBXQ	2897334NX	0.05	3	2.5	1.5
CBXQ	3001837	0.05	3.5	3.5	1.5
CBXQ	3076491	0.2	5	2.5	2.5
CBXQ	2872468	0.05	7	1.5	1.5
CBXQ	3800616	0.25	5	5	1
CBXQ	3802748RX	0.65	6	1.5	1.5
CBXQ	3804899	0.25	4	4	1.5
CBXQ	3864178	0.15	3.5	2.5	2.5
CBXQ	3408705	0.05	3.5	2	1.5
CBXQ	3920711	1.4	7.5	4.5	2.5
CBXQ	3931523	0.05	3.5	3.5	1
CBXQ	5272959	0.15	4.5	3	1.5
CBXQ	3959798	0.15	4	3.5	3
CBXQ	5406093	0.65	5	4.5	4.5
CBXQ	3802338	0.25	7	1.5	1
CBXQ	5291050	2.2	6	5	4
CBXQ	3934486	0.6	8	7.5	1.5
CBXQ	3944205RX	0.8	6	1.5	1
CBXQ	4921728	0.25	4	3.5	3.5
CBXQ	4983253	0.05	4	3.5	1
CBXQ	5259499	0.15	6	6	1.5
CBXQ	5292744	0.1	2.5	2.5	2.5
CBXQ	5338295	0.05	5	5	1
CBXQ	5406102	0.1	3	2	1.5
BFQT	141427	6.5	15.5	6	5
BFQT	141428	6.5	15.5	6	5
BFQT	111502	4.5	6	5	6.5
BDZW	702302-0002	0.6	5	5	1
BFQT	131401	2.3	21	9	1
BFQT	136115	0.45	5	5	1
BFQT	136006	0.25	3.5	3.5	1
BFQT	136018	0.45	5	5	1
BFQT	131453	0.3	14.5	8.5	0.05
BFQT	331280	0.25	12	9	0.05
BFQT	131529	0.3	14.5	8.5	0.05
BFQT	ESP-3509	0.8	5	4.5	3
BFQT	621230	0.35	6.5	6.5	1.5
BFQT	636020	0.35	6.5	6.5	1.5
BDZH	FP-8929102	0.6	13	11	1.5
BDZH	FP-23522279	0.6	13	11	1.5
BDZH	FP-23516322	0.6	13	11	1.5
BDZH	FP-23522269	0.6	13	11	1.5
PRO	10R0963R	4.25	13	8	2
PRO	631017R	3	13	8	2
PRO	0R8469R	2	13	8	2
PRO	3056342R	8.5	13	8	2
PRO	5237466R	4.5	13	8	2
PRO	10R1259R	5	13	8	2
JKMF	M-7C3095	0.6	3	3	3.5
JKMF	M-7E5213	0.3	5	5	1.25
JKMF	R-0R3420	0.65	7.5	4.25	2
JKMF	M-9S3068	0.1	5.5	5.5	1
JKMF	MCB6CEXPK	0.8	3.5	2.5	2
JKMF	MCB6BEXPK	0.8	3.5	2.5	2
JKMF	M-BM27253	1.5	10.25	5	2.5
JKMF	M-4089405	1.25	5	5	2
PRO	5237466R	5.5	13	8	2
JKMF	M-3800328	9.5	12.5	6	5.5
JKMF	M-3801826	18.5	12.5	7	7
JKMF	M-3801106	3	6	5.5	3.5
JKMF	M-3804303	0.3	14	9	2
JKMF	M-3802077	4.5	17	10.5	1.5
JKMF	M-3913990	15	8	4.5	3
JKMF	M-3804500	0.35	6.5	6.5	1
JKMF	M-3918175	9.5	13	5.5	3.5
JKMF	A-23506735	6.5	7	7	7
JKMF	A-23515581	0.8	4.5	4.5	2
JKMF	A-23522269	0.1	10	6	0.05
JKMF	A-23531604	12	11	10.5	3.5
JKMF	A-8929710	1.25	4	3	2
JKMF	M-1003652	0.5	7	4	1.25
JKMF	M-150288	2.5	10	5	2.5
JKMF	M-1818598C1	0.05	3.5	2.5	2.5
JKMF	M-1817687	3.5	7	7	7.5
JKMF	M-1830669C92	0.05	3.5	1.5	1.5
JKMF	M-1W311	0.45	4	3	1.5
JKMF	M-1W312	0.45	4	3	1.5
JKMF	M-1W8922	0.45	6.5	6.5	1
JKMF	M-203670	0.3	10	5	2.5
JKMF	M-2W8265	0.1	5.25	5.25	1.25
JKMF	M-3016760	0.45	3	3.5	2
CBXQ	3958112	7.5	23	23	3.25
JKMF	R-3047978	1.5	8.25	2.25	2.25
JKMF	R-3054249	1.3	8	2	2
JKMF	R-5199734	3.5	3.5	3.5	4
JKMF	R-3054231	1.65	10.5	3.25	3.25
JKMF	R-5226312	0.05	3.25	1.5	1.25
JKMF	R-5226338	0.05	3.25	1.5	1.25
JKMF	R-5226392	0.05	3.25	1.5	1.25
JKMF	R-5226474	0.05	3.25	1.5	1.25
JKMF	R-5226434	0.05	3.25	1.5	1.25
JKMF	R-5226422	0.05	3.25	1.5	1.25
JKMF	R-5226495	1.9	8	4.25	2.5
JKMF	R-0R3419	0.75	7	4.5	2
JKMF	R-5228378	0.05	3.25	1.5	1.25
JKMF	R-5228530	0.05	3.25	1.5	1.25
JKMF	R-5228770	1.9	8	4.25	2
JKMF	R-5228484	3.9	10.5	5	2.5
JKMF	R-5228773	1.9	8	4.25	2.5
JKMF	R-5229216	1.9	8	4.25	2.5
JKMF	R-3054219	1.3	8	2	2
JKMF	R-4062569	3.3	13	6	3.5
JKMF	R-5229598	0.05	3.5	1.5	1.5
JKMF	R-5229657	0.05	3.5	1.5	1.5
JKMF	R-3047973	2	8	2	2
JKMF	R-10R0963	4.5	10.5	5.5	3
JKMF	MCB46620	0.05	8	9	0.05
JKMF	MCB46600	0.1	10.5	9	1.5
JKMF	MCB62120	0.1	8.5	8.5	1
JKMF	MCB6N7527	0.05	3.5	1.5	1.5
JKMF	MCB69120	0.45	10	7.5	0.05
JKMF	MCB73120	0.65	10	7.5	0.05
JKMF	R-3016676	1.6	8.5	2.5	2
JKMF	R-3084108	1.45	7	1.5	1.5
JKMF	MCB10035S	1.25	10.5	8.5	1.5
JKMF	M-6V1788	0.8	10.5	8.5	1.5
JKMF	MCB3406B	0.75	14	9	1.5
JKMF	MCB3406BPM	0.6	14	9	1.5
JKMF	M-6N3723	0.5	10.5	8.5	1.5
JKMF	A-5108120	1.45	14	9	1.5
JKMF	MCB1W3010	0.4	3.5	1.5	1.5
JKMF	MCB41006/32	0.4	3.5	1.5	1.5
JKMF	MCB46610	0.1	8.5	8.5	1.5
JKMF	M-2410825	0.5	8.5	8.5	1.5
JKMF	MCB3300SC	0.65	8.5	8.5	1.5
JKMF	MCB3300SCE	0.3	10.5	8.5	1.5
JKMF	MCB3300SCL	0.15	10.5	8.5	1.5
JKMF	MCB3300SLOHS	0.75	14	9	2
JKMF	M-6N1133	0.3	10.5	8.5	1.5
JKMF	MCB3208-OH	0.45	10.5	8.5	1.5
JKMF	MCB3208-OHS	0.5	10.5	8.5	1.5
JKMF	MCB1002OH-S	0.5	10.5	8.5	1.5
JKMF	MCB10030	0.5	10.5	8.5	1.5
JKMF	MCB1002OH-S	0.4	10.5	8.5	1.5
JKMF	MCB1003OH-1	0.4	10.5	8.5	1.5
JKMF	MCB1003OH-S	0.45	10.5	8.5	1.5
JKMF	M-7X2522	0.1	5.25	5.25	1
JKMF	M-8N3088	0.95	10	3	3
JKMF	M-7W5929	0.55	5	2	1.5
JKMF	M-8N5403	1.2	10	5	2.5
JKMF	M-8T2470	0.15	10.5	8.5	1.5
JKMF	M-8N7005	0.65	9	1.5	1.5
JKMF	M-9N2064	0.25	18	11	1.5
JKMF	M-6N3723	0.35	10.5	8.5	1.5
JKMF	M-6V9882	0.35	10.5	8.5	1.5
JKMF	M-6V4770	0.5	18	11	1.5
JKMF	M-6V241	0.45	10.5	8.5	1.5
JKMF	M-6V8977	0.05	5.5	5.5	1
JKMF	M-8N3946	2.25	7.5	7	7.5
JKMF	M-7E6011RK	0.2	2.5	1.25	1.25
JKMF	M-7139-159B	0.4	3.5	2.5	2
JKMF	M-7W182	0.2	5	1.5	1.5
JKMF	M-7E3986	1.05	4	4	1
JKMF	M-4N4997	0.4	3.5	1.5	1.5
JKMF	M-4P9830	0.4	5	1.5	1.5
JKMF	M-4W7019	0.65	9	1.5	1.5
JKMF	M-506651-2-3	0.05	2.5	1.25	1.25
JKMF	M-506791	1.65	3.5	3.5	3.5
JKMF	M-3950661	0.4	4	3	1.5
JKMF	M-3937111	0.25	4	4	1.25
JKMF	M-3936317	1.85	10	5	2.5
JKMF	M-4024808	0.6	2.5	2	2
JKMF	M-4024809	0.6	2.5	2	2
JKMF	M-4937308	0.05	3.5	2.5	1.5
JKMF	M-4939587	4.7	7	3.5	3.5
JKMF	M-4089258	0.2	5.25	5.25	1
JKMF	M-4N4320	0.7	5.5	4	2.5
JKMF	M-4089671	6	9.5	6.25	5.75
JKMF	M-4988801	5	5	5.25	5.5
JKMF	MCBISX005	0.3	7.5	7.5	1
JKMF	TI	0.45	5	5.5	5.5
JKMF	M-3803477	0.05	3	3	1.5
JKMF	M-3904353	0.25	4.75	4.75	1.25
JKMF	M-3075381	0.45	3.5	1.5	1.5
JKMF	M-3075523	0.05	3	3	1.25
JKMF	M-3095355	0.55	2.5	2.5	1.5
JKMF	M-3049996	0.2	6	1	1
JKMF	M-3048296	0.15	5	1.5	1.5
JKMF	R-3054246	1.5	8	2	2
JKMF	M-3054608	0.9	2.5	2	2
JKMF	M-3054611	0.9	2.5	2	2
JKMF	M-3064881	0.7	3.5	2.5	2
JKMF	M-3047963	0.25	6	1.25	1.25
JKMF	M-3018324	0.55	6	1.25	1.25
JKMF	M-3017996	0.9	3.5	3.5	2.25
JKMF	M-3022968	0.55	6	1.25	1.25
JKMF	M-3024989	0.75	3.25	2.5	2
JKMF	M-3035342	1.3	4	3	2
JKMF	M-3035344	1.3	4	3	2
JKMF	M-3034217	4.25	7	4	4
JKMF	M-3035345	1.25	4	3	2
JKMF	M-3010864	1.6	4	3	2
JKMF	M-3016676	2.55	8	2	2
JKMF	M-218548	1.45	2.5	2	2
JKMF	M-27333	1.3	7	4	1.5
JKMF	M-1P6400	1.35	3.5	1.5	1.5
JKMF	M-1842623C96	1.25	5.25	5.25	1
JKMF	M-129826	1.2	2.5	2	2
JKMF	M-1W1669	1.2	2.5	2	2
JKMF	M-134075	1.45	2.5	2	2
JKMF	A-8929878	1.1	3.5	3	3
JKMF	M-1052508	1.2	5.5	2.25	4
JKMF	M-1086631	1.55	7	2.75	2.75
JKMF	A-5181746	0.8	3.5	1.5	1.5
JKMF	A-5226312	0.75	3.5	1.5	1.5
JKMF	A-5228928	0.75	3.5	1.5	1.5
JKMF	A-5228804	0.8	3.5	1.5	1.5
JKMF	A-5149599	1	3.5	3.5	1.5
JKMF	A-5110760	1.25	8.5	2.5	2.5
JKMF	8996000	0.7	3.5	1.5	1.5
JKMF	8991135	0.75	3	1.25	1.25
JKMF	8991146	0.75	3	1.25	1.25
JKMF	8991137	0.75	3	1.25	1.25
JKMF	A-23500533	0.9	3.5	3.5	2
JKMF	A-23532977	1	6	2	2
CLVL	AP0013	1.75	35.5	10	1.5
CLVL	AP0036	1.4	35.5	10	1.5
CLVL	AP0052	1.75	35.5	10	1.5
CLVL	AP0046	16.6	36	12.5	4
CLVL	AP0050	2	35.5	10	1.5
CLVL	AP63445	14.45	24.5	12	8.5
CLVL	AP0161	2.85	36	12.5	4
FLHQ	CS54886	1.6	16	13	2.75
FLHQ	CS4068	2.45	48	14	2
FLHQ	CS547741	1.8	33.5	12.5	2
FLHQ	HS54579	5.55	24.5	11	2
FLHQ	HS54556	4.2	39	11	2
CBXQ	5367847	2.45	38	16.25	2
CBXQ	3963379	0.55	36	10	0.05
CBXQ	3935878	1.05	32	10	0.05
CBXQ	3938152	0.2	21	8.5	0.05
CBXQ	3284623	0.55	36	10	0.05
BFQT	131273	4.5	22.5	17	2
CBXQ	4955229	3.4	35	10	2
CBXQ	4955522	3.4	39	15	2
JKMF	MCBC15993	3.75	43.5	13.5	2.5
IPD	4N1151-6	0.05	47.5	16.25	0.05
FLHQ	VS50658	1.9	24.5	15.5	2
CBXQ	4070529	1.45	37	14	0.05
FLHQ	MS15938	1.2	24.5	17	6
FLHQ	CS54204A	1.3	20	8	4
FLHQ	54174	0.5	37	10	0.05
FLHQ	54579A	0.6	23	9	0.05
FLHQ	54774	0.7	33.5	12	0.05
FLHQ	55340	0.3	16	9	0.05
FLHQ	CS54174	2	27	13	2.5
FLHQ	54582	0.7	23	9	0.05
FLHQ	GS33593	0.05	6.5	5	0.05
FLHQ	CS54886	0.4	17	12.5	2
FLHQ	GS33485	0.05	23	6	0.05
FLHQ	HS3885VC	2.1	2	10	1
FLHQ	HS54126	3.5	38	11	2.25
FLHQ	HS541741	3.5	38	11	2.25
FLHQ	54450A	2.1	23	9	0.05
FLHQ	HS54450	5	24	11	2
FLHQ	CS54450	2.5	24	15.5	2
FLHQ	CS4961	2.5	24	15.5	2
FLHQ	HS54894	7	48	14	2
FLHQ	MS15335A	0.05	23	9	0.05
FLHQ	HS54820	4	38.5	11	2
FLHQ	HS55339A	1.5	18.5	8.5	2
FLHQ	MS15335A	0.05	23	9	0.05
FLHQ	JV1019	0.05	16	9	0.05
FLHQ	JV1730	1	16.5	12.5	2
FLHQ	54585	0.05	23	9	0.05
FLHQ	VS50549	1.5	23	9	0.05
FLHQ	MS12435	0.05	24	6	0.05
FLHQ	CS54556	2	27	13	2.5
FLHQ	MS16124	0.05	23	6	0.05
FLHQ	VS50742	0.6	26	12	0.05
FLHQ	MS19751	0.05	23	6	0.05
FLHQ	MS19838	0.25	31	8	0.05
FLHQ	MS19880	0.5	23	6	0.05
FLHQ	OS32204	1.1	24	12	0.05
FLHQ	OS32205	0.4	38	13	0.05
FLHQ	OS32434	0.05	23	6	0.05
FLHQ	PS38801	0.6	31	8	0.05
FLHQ	VS50278	1.1	29	13.5	0.05
FLHQ	VS50404	0.5	24	12	0.05
FLHQ	VS50416	0.5	23	9	0.05
FLHQ	VS50456	1.1	24	12	0.05
FLHQ	VS50551	1.45	24	12	0.05
FLHQ	VS50742	1.2	26	12.25	0.05
FLHQ	HS547741	1.85	38	11	2
FLHQ	HS54580C	1.75	24	10	1
FLHQ	JV5072	0.55	24	15.5	2
FLHQ	HS54189	1.7	38.5	11	2
FLHQ	HS54157	2.1	47	12.5	0.05
JKMF	M-5579344	3.5	37.5	10.5	1.5
JKMF	M-4089998	8.5	43.5	13.5	2.5
JKMF	M-3802075	3	26.5	12	2
JKMF	M-1822328C94	2	37	10.5	1.5
JKMF	M-1966931	0.7	17.5	11	1.5
JKMF	A-5147994	0.8	26	12	2
JKMF	M-1830189C2	1.5	34.5	10	0.05
JKMF	M-3938156	0.05	18	13	0.05
JKMF	M-6V4770	0.7	26	12	2
JKMF	M-2881766	10	50	17	2
JKMF	M-1824970	3.1	37	10.5	2
BDZH	FP-1808973	1.5	36.5	12	1
BDZH	FP-1894141	2.5	38	10.5	1
BDZH	2326574	1	25	20	1
BDZH	FP-2161252	5.5	46	12	1
BDZH	FP-23536442	3.5	46	12	1
BDZH	FP-23532333	3.5	46	12	1
BDZH	FP-3164810	6.5	46	13	2
BDZH	FP-4089819	6.5	36	11	2
BDZH	FP-3283570	1.95	30	8	0.05
BDZH	FP-3283339	1.95	30	8	0.05
BDZH	FP-3283337	1.95	30	8	0.05
BDZH	FP-3958645	2.1	33	10	0.05
BDZH	FP-3958644	1.75	33	10	0.05
BDZH	4025155	4	41	16	2
BDZH	FP-4089371S	5.5	15	11	2.25
BDZH	FP-4352145	6	46	13	2
BDZH	FP-1850307	1.95	22.25	10.5	1
BDZH	FP-PGECS9313	2.3	34	14.75	2
BDZH	FP-PGEHS26661PT	5.25	25.5	12.5	1.5
BDZH	FP-PGEVS50484R	0.85	25	9	1.5
BDZH	FP-PGE26406PT	1.6	22.25	10.5	1
BDZH	FP-PGECS92391	2.15	15	11	2.25
BDZH	FP-PGE3406E	5.5	45.5	13	2
BDZH	FP-PGEES72376	0.05	13.25	9.5	0.05
BDZH	FP-PGECS262692	1.5	19	14	1
BDZH	FP-PGE26405PT	1.5	22.5	10.5	1
BDZH	FP-PGECS26679	2.1	33.5	13.5	2
BDZH	FP-PGEHSU26374	2.2	25.5	12	2
BDZH	FP-PGEVS50483R	0.1	24	8.5	1
BDZH	FP-PGEHSU26269	3	22.25	10	1.5
BDZH	FP-PGEHS26216PT	3	30.5	11	1.25
BDZH	FP-1830327	1.15	35.25	10.5	0.05
BDZH	FP-PGECS26565	1.6	19	14	1
BDZH	FP-4089478	5	41	16	2
BDZH	FP-PGEHS26679PT	4.5	38.5	11	2.25
BDZH	FP-4352144	5	46	13	2
BDZH	FP-PGECS9522	2.1	34	14.5	2
BDZH	FP-2486744	5.5	45.5	13	2
BDZH	FP-PGECS262692	1.6	19	14	1
BDZH	FP-PGECS26679	2.1	34	15	2
DWKF	32-0863	13	48	24	3
DWKF	32-0866	12	45	22	2
DWKF	32-0951	10	40	24	4
DWKF	32-0956	6	38.98	15.55	3.94
DWKF	32-0961	12	41.81	22.13	3.38
DWKF	32-0966	11	43.7	23.82	3.54
DWKF	32-0973	14	42	26	3
DWKF	32-0981	10	47.05	22.44	4.33
DWKF	32-2000	10.4	30.12	28.15	3.54
DWKF	41-13339	25	46	26	6
DWKF	41-13490	12.35	37.99	24.41	8.27
DWKF	41-13244	33	44	35	8
DWKF	41-13296	27.07	37.8	37.8	6.89
DWKF	41-2171	24	35	32	5
DWKF	41-2757	33	49.5	26.5	6
DWKF	41-2886	20	36	34	6
DWKF	42-10003	42	46	33	7.25
DWKF	42-10041	23	36	31	7
DWKF	42-10067	56	56	39	9
DWKF	61-1054	62	43	26	14
DWKF	61-1213	66	46	39	17
DWKF	61-1245	52	52	35	13
DWKF	61-1246	81	50	40	16
DWKF	61-1282	56	50	29	15
DWKF	61-1550	62	53	36	17
DWKF	61-1309	100	38.25	38.25	15.38
DWKF	32-2013	8.3	31.69	23.23	3.54
DWKF	61-1000	36	47	22.5	15
DWKF	42-10067	56	56	39	9
DWKF	42-10071	42	45.75	38	7.5
DWKF	42-10081	63	51.25	45.63	7.38
DWKF	42-10127	18	31	26	7
DWKF	42-10136	24	31	30	7
DWKF	42-10171	49	45.5	41.5	7.5
DWKF	42-10174	63	40	36.5	9.25
DWKF	42-10180	37	46	31	10
DWKF	42-10205	31	46	39	7
DWKF	42-10207	33	46	39	7
DWKF	42-10289	52.5	51	40	7.5
DWKF	61-1006	60	44	33	12
DWKF	42-10299	51	46	44	7
DWKF	61-1015	60	44	35	18
DWKF	61-1023	78	38.5	37.5	18.75
DWKF	61-1041	67	50	34	15
DWKF	61-1042	72	50	34	15
DWKF	61-1280	45	52	36	18.5
DWKF	42-10290	69	52.5	43	7.5
DWKF	42-10294	70	52.5	43	7.5
DWKF	42-10299	51	46	44	7
DWKF	42-10356	68	45	34	13
DWKF	42-10306	24	46	25	6
DWKF	42-10318	55	55	36	10.5
DWKF	42-10316	51	48	43	8
DWKF	42-10331	41	51	42	7
DWKF	42-10342	36	38	32	8
DWKF	42-10348	57	38	15.5	7.38
DWKF	42-10349	49	45	37	10
DWKF	42-10356	68	45	34	13
DWKF	42-10410	68	45	40	12
DWKF	42-10656	35	35	32	8
